9963.25 -16.3243
9961.58 -16.6943
9959.87 -17.0643
9958.13 -17.4342
9956.35 -17.8041
9954.53 -18.1738
9952.68 -18.5435
9950.79 -18.9131
9948.86 -19.2827
9946.89 -19.6521
9944.89 -20.0215
9942.85 -20.3908
9940.77 -20.76
9938.66 -21.1292
9936.51 -21.4982
9934.32 -21.8672
9932.1 -22.2361
9929.84 -22.6049
9927.54 -22.9736
9925.21 -23.3422
9922.84 -23.7107
9920.43 -24.0792
9917.99 -24.4475
9915.5 -24.8157
9912.99 -25.1838
9910.43 -25.5519
9907.84 -25.9198
9905.21 -26.2876
9902.54 -26.6553
9899.84 -27.0229
9897.1 -27.3904
9894.33 -27.7578
9891.51 -28.1251
9888.67 -28.4922
9885.78 -28.8593
9882.86 -29.2262
9879.9 -29.593
9876.9 -29.9597
9873.87 -30.3263
9870.8 -30.6927
9867.69 -31.059
9864.55 -31.4252
9861.37 -31.7913
9858.16 -32.1572
9854.9 -32.523
9851.62 -32.8887
9848.29 -33.2542
9844.93 -33.6196
9841.53 -33.9849
9838.09 -34.35
9834.62 -34.715
9831.11 -35.0798
9827.57 -35.4445
9823.99 -35.809
9820.37 -36.1734
9816.72 -36.5377
9813.03 -36.9018
9809.3 -37.2657
9805.54 -37.6295
9801.74 -37.9932
9797.9 -38.3567
9794.03 -38.72
9790.12 -39.0832
9786.18 -39.4462
9782.2 -39.809
9778.18 -40.1717
9774.13 -40.5342
9770.04 -40.8965
9765.91 -41.2587
9761.75 -41.6207
9757.55 -41.9825
9753.32 -42.3442
9749.05 -42.7057
9744.74 -43.067
9740.4 -43.4281
9736.02 -43.789
9731.6 -44.1498
9727.15 -44.5103
9722.66 -44.8707
9718.14 -45.2309
9713.58 -45.5909
9708.99 -45.9507
9704.36 -46.3104
9699.69 -46.6698
9694.99 -47.029
9690.25 -47.3881
9685.47 -47.7469
9680.66 -48.1055
9675.82 -48.464
9670.93 -48.8222
9666.02 -49.1802
9661.06 -49.5381
9656.07 -49.8957
9651.05 -50.2531
9645.99 -50.6102
9640.89 -50.9672
9635.76 -51.324
9630.59 -51.6805
9625.39 -52.0368
9620.15 -52.3929
9614.87 -52.7488
9609.56 -53.1044
9604.21 -53.4599
9598.83 -53.8151
9593.42 -54.17
9587.96 -54.5248
9582.48 -54.8793
9576.95 -55.2335
9571.39 -55.5876
9565.8 -55.9414
9560.17 -56.2949
9554.51 -56.6482
9548.81 -57.0013
9543.07 -57.3541
9537.3 -57.7067
9531.49 -58.059
9525.65 -58.4111
9519.78 -58.763
9513.86 -59.1145
9507.92 -59.4659
9501.94 -59.8169
9495.92 -60.1677
9489.87 -60.5183
9483.78 -60.8686
9477.66 -61.2186
9471.5 -61.5684
9465.31 -61.9178
9459.08 -62.2671
9452.82 -62.616
9446.53 -62.9647
9440.19 -63.3131
9433.83 -63.6612
9427.43 -64.0091
9420.99 -64.3567
9414.52 -64.704
9408.02 -65.051
9401.48 -65.3977
9394.9 -65.7442
9388.29 -66.0903
9381.65 -66.4362
9374.97 -66.7818
9368.26 -67.127
9361.51 -67.472
9354.73 -67.8167
9347.91 -68.1611
9341.06 -68.5052
9334.18 -68.849
9327.26 -69.1925
9320.3 -69.5357
9313.32 -69.8786
9306.29 -70.2211
9299.24 -70.5634
9292.15 -70.9053
9285.02 -71.247
9277.86 -71.5883
9270.67 -71.9293
9263.44 -72.27
9256.18 -72.6103
9248.89 -72.9504
9241.56 -73.2901
9234.2 -73.6295
9226.8 -73.9685
9219.37 -74.3072
9211.9 -74.6456
9204.41 -74.9837
9196.87 -75.3214
9189.31 -75.6588
9181.71 -75.9959
9174.08 -76.3326
9166.41 -76.669
9158.71 -77.005
9150.97 -77.3407
9143.21 -77.676
9135.41 -78.011
9127.57 -78.3456
9119.7 -78.6799
9111.8 -79.0138
9103.87 -79.3474
9095.9 -79.6806
9087.9 -80.0135
9079.86 -80.3459
9071.79 -80.6781
9063.69 -81.0098
9055.56 -81.3412
9047.39 -81.6722
9039.19 -82.0029
9030.96 -82.3332
9022.69 -82.6631
9014.39 -82.9926
9006.06 -83.3217
8997.7 -83.6505
8989.3 -83.9789
8980.87 -84.3069
8972.4 -84.6345
8963.91 -84.9618
8955.38 -85.2886
8946.82 -85.615
8938.22 -85.9411
8929.6 -86.2668
8920.94 -86.592
8912.25 -86.9169
8903.52 -87.2414
8894.76 -87.5654
8885.98 -87.8891
8877.15 -88.2124
8868.3 -88.5352
8859.42 -88.8577
8850.5 -89.1797
8841.55 -89.5013
8832.57 -89.8225
8823.55 -90.1433
8814.5 -90.4637
8805.43 -90.7836
8796.32 -91.1032
8787.17 -91.4223
8778 -91.7409
8768.79 -92.0592
8759.56 -92.377
8750.29 -92.6944
8740.99 -93.0114
8731.65 -93.3279
8722.29 -93.644
8712.89 -93.9596
8703.46 -94.2749
8694.01 -94.5896
8684.52 -94.9039
8674.99 -95.2178
8665.44 -95.5313
8655.86 -95.8442
8646.24 -96.1568
8636.59 -96.4689
8626.92 -96.7805
8617.21 -97.0917
8607.47 -97.4024
8597.69 -97.7126
8587.89 -98.0224
8578.06 -98.3317
8568.2 -98.6406
8558.3 -98.949
8548.37 -99.2569
8538.42 -99.5644
8528.43 -99.8713
8518.41 -100.178
8508.36 -100.484
8498.29 -100.789
8488.18 -101.094
8478.04 -101.399
8467.87 -101.703
8457.67 -102.007
8447.43 -102.31
8437.17 -102.613
8426.88 -102.915
8416.56 -103.216
8406.21 -103.518
8395.83 -103.818
8385.41 -104.118
8374.97 -104.418
8364.5 -104.717
8354 -105.016
8343.47 -105.314
8332.91 -105.612
8322.32 -105.909
8311.7 -106.205
8301.05 -106.502
8290.37 -106.797
8279.66 -107.092
8268.92 -107.387
8258.15 -107.681
8247.35 -107.974
8236.53 -108.267
8225.67 -108.56
8214.78 -108.852
8203.87 -109.143
8192.93 -109.434
8181.95 -109.725
8170.95 -110.014
8159.92 -110.304
8148.86 -110.592
8137.78 -110.881
8126.66 -111.168
8115.51 -111.455
8104.34 -111.742
8093.14 -112.028
8081.9 -112.313
8070.64 -112.598
8059.36 -112.883
8048.04 -113.167
8036.69 -113.45
8025.32 -113.733
8013.92 -114.015
8002.49 -114.296
7991.03 -114.577
7979.55 -114.858
7968.03 -115.138
7956.49 -115.417
7944.92 -115.696
7933.32 -115.974
7921.7 -116.252
7910.05 -116.529
7898.37 -116.805
7886.66 -117.081
7874.92 -117.356
7863.16 -117.631
7851.37 -117.905
7839.55 -118.179
7827.71 -118.452
7815.83 -118.724
7803.93 -118.996
7792.01 -119.267
7780.05 -119.538
7768.07 -119.808
7756.06 -120.077
7744.03 -120.346
7731.97 -120.614
7719.88 -120.882
7707.77 -121.149
7695.62 -121.415
7683.46 -121.681
7671.26 -121.946
7659.04 -122.21
7646.79 -122.474
7634.52 -122.738
7622.22 -123
7609.89 -123.262
7597.54 -123.524
7585.16 -123.785
7572.76 -124.045
7560.33 -124.305
7547.87 -124.564
7535.39 -124.822
7522.88 -125.08
7510.35 -125.337
7497.79 -125.593
7485.2 -125.849
7472.59 -126.104
7459.96 -126.359
7447.3 -126.613
7434.61 -126.866
7421.9 -127.119
7409.16 -127.371
7396.4 -127.622
7383.61 -127.873
7370.8 -128.123
7357.96 -128.372
7345.1 -128.621
7332.21 -128.869
7319.3 -129.116
7306.36 -129.363
7293.4 -129.609
7280.42 -129.854
7267.41 -130.099
7254.37 -130.343
7241.31 -130.587
7228.23 -130.83
7215.12 -131.072
7201.99 -131.313
7188.84 -131.554
7175.66 -131.794
7162.46 -132.033
7149.23 -132.272
7135.98 -132.51
7122.7 -132.748
7109.4 -132.984
7096.08 -133.22
7082.74 -133.456
7069.37 -133.69
7055.97 -133.924
7042.56 -134.158
7029.12 -134.39
7015.66 -134.622
7002.17 -134.853
6988.66 -135.084
6975.13 -135.314
6961.58 -135.543
6948 -135.771
6934.4 -135.999
6920.78 -136.226
6907.13 -136.452
6893.47 -136.678
6879.78 -136.903
6866.06 -137.127
6852.33 -137.351
6838.57 -137.573
6824.79 -137.795
6810.99 -138.017
6797.17 -138.237
6783.32 -138.457
6769.45 -138.677
6755.56 -138.895
6741.65 -139.113
6727.72 -139.33
6713.76 -139.546
6699.79 -139.762
6685.79 -139.977
6671.77 -140.191
6657.73 -140.404
6643.67 -140.617
6629.59 -140.829
6615.48 -141.04
6601.36 -141.251
6587.21 -141.461
6573.04 -141.67
6558.86 -141.878
6544.65 -142.086
6530.42 -142.293
6516.17 -142.499
6501.9 -142.704
6487.61 -142.909
6473.3 -143.112
6458.96 -143.316
6444.61 -143.518
6430.24 -143.72
6415.85 -143.921
6401.44 -144.121
6387 -144.32
6372.55 -144.519
6358.08 -144.717
6343.59 -144.914
6329.08 -145.11
6314.55 -145.306
6300 -145.501
6285.43 -145.695
6270.84 -145.888
6256.23 -146.081
6241.6 -146.272
6226.96 -146.464
6212.29 -146.654
6197.61 -146.843
6182.9 -147.032
6168.18 -147.22
6153.44 -147.407
6138.68 -147.594
6123.9 -147.78
6109.11 -147.964
6094.29 -148.149
6079.46 -148.332
6064.61 -148.515
6049.74 -148.696
6034.85 -148.878
6019.95 -149.058
6005.02 -149.237
5990.08 -149.416
5975.12 -149.594
5960.14 -149.771
5945.15 -149.948
5930.14 -150.123
5915.11 -150.298
5900.06 -150.472
5884.99 -150.645
5869.91 -150.818
5854.81 -150.989
5839.7 -151.16
5824.56 -151.33
5809.41 -151.5
5794.25 -151.668
5779.06 -151.836
5763.86 -152.003
5748.65 -152.169
5733.41 -152.334
5718.16 -152.499
5702.9 -152.663
5687.62 -152.826
5672.32 -152.988
5657 -153.149
5641.67 -153.31
5626.32 -153.47
5610.96 -153.629
5595.58 -153.787
5580.19 -153.944
5564.78 -154.101
5549.35 -154.257
5533.91 -154.412
5518.45 -154.566
5502.98 -154.719
5487.49 -154.872
5471.99 -155.024
5456.47 -155.175
5440.94 -155.325
5425.39 -155.474
5409.83 -155.623
5394.26 -155.771
5378.66 -155.918
5363.06 -156.064
5347.44 -156.209
5331.8 -156.354
5316.15 -156.497
5300.49 -156.64
5284.81 -156.782
5269.12 -156.924
5253.41 -157.064
5237.69 -157.204
5221.96 -157.343
5206.21 -157.481
5190.45 -157.618
5174.67 -157.755
5158.88 -157.89
5143.08 -158.025
5127.26 -158.159
5111.43 -158.292
5095.59 -158.425
5079.74 -158.556
5063.87 -158.687
5047.99 -158.817
5032.09 -158.946
5016.18 -159.074
5000.26 -159.202
4984.33 -159.328
4968.38 -159.454
4952.43 -159.579
4936.46 -159.703
4920.47 -159.827
4904.48 -159.949
4888.47 -160.071
4872.45 -160.192
4856.42 -160.312
4840.38 -160.432
4824.32 -160.55
4808.26 -160.668
4792.18 -160.785
4776.09 -160.901
4759.99 -161.016
4743.87 -161.13
4727.75 -161.244
4711.61 -161.357
4695.47 -161.469
4679.31 -161.58
4663.14 -161.69
4646.96 -161.8
4630.77 -161.908
4614.57 -162.016
4598.35 -162.123
4582.13 -162.23
4565.9 -162.335
4549.65 -162.44
4533.4 -162.543
4517.14 -162.646
4500.86 -162.749
4484.58 -162.85
4468.28 -162.951
4451.98 -163.05
4435.66 -163.149
4419.34 -163.247
4403 -163.345
4386.66 -163.441
4370.3 -163.537
4353.94 -163.631
4337.57 -163.725
4321.19 -163.819
4304.79 -163.911
4288.39 -164.003
4271.98 -164.093
4255.57 -164.183
4239.14 -164.273
4222.7 -164.361
4206.26 -164.448
4189.8 -164.535
4173.34 -164.621
4156.87 -164.706
4140.39 -164.79
4123.91 -164.874
4107.41 -164.957
4090.91 -165.038
4074.39 -165.119
4057.87 -165.2
4041.35 -165.279
4024.81 -165.358
4008.27 -165.436
3991.72 -165.513
3975.16 -165.589
3958.59 -165.664
3942.02 -165.739
3925.44 -165.813
3908.85 -165.886
3892.25 -165.958
3875.65 -166.029
3859.04 -166.1
3842.42 -166.17
3825.8 -166.239
3809.17 -166.307
3792.53 -166.374
3775.88 -166.441
3759.23 -166.507
3742.58 -166.572
3725.91 -166.636
3709.24 -166.7
3692.57 -166.762
3675.88 -166.824
3659.2 -166.885
3642.5 -166.946
3625.8 -167.005
3609.09 -167.064
3592.38 -167.122
3575.66 -167.179
3558.94 -167.235
3542.21 -167.291
3525.48 -167.345
3508.74 -167.399
3491.99 -167.453
3475.24 -167.505
3458.49 -167.557
3441.73 -167.608
3424.96 -167.658
3408.19 -167.707
3391.41 -167.756
3374.63 -167.803
3357.85 -167.85
3341.06 -167.897
3324.26 -167.942
3307.47 -167.987
3290.66 -168.031
3273.86 -168.074
3257.04 -168.116
3240.23 -168.158
3223.41 -168.198
3206.58 -168.239
3189.76 -168.278
3172.92 -168.316
3156.09 -168.354
3139.25 -168.391
3122.41 -168.427
3105.56 -168.463
3088.71 -168.498
3071.86 -168.532
3055 -168.565
3038.14 -168.597
3021.28 -168.629
3004.41 -168.66
2987.54 -168.69
2970.67 -168.72
2953.8 -168.749
2936.92 -168.777
2920.04 -168.804
2903.16 -168.83
2886.27 -168.856
2869.38 -168.881
2852.49 -168.906
2835.6 -168.929
2818.7 -168.952
2801.81 -168.974
2784.91 -168.995
2768 -169.016
2751.1 -169.036
2734.2 -169.055
2717.29 -169.074
2700.38 -169.091
2683.47 -169.108
2666.56 -169.125
2649.64 -169.14
2632.73 -169.155
2615.81 -169.169
2598.89 -169.183
2581.97 -169.195
2565.05 -169.207
2548.13 -169.218
2531.21 -169.229
2514.28 -169.239
2497.36 -169.248
2480.43 -169.256
2463.51 -169.264
2446.58 -169.271
2429.65 -169.278
2412.72 -169.283
2395.79 -169.288
2378.86 -169.292
2361.93 -169.296
2345 -169.299
2328.07 -169.301
2311.14 -169.302
2294.21 -169.303
2277.28 -169.303
2260.35 -169.303
2243.42 -169.301
2226.49 -169.299
2209.56 -169.297
2192.63 -169.294
2175.71 -169.29
2158.78 -169.285
2141.85 -169.28
2124.92 -169.274
2108 -169.267
2091.07 -169.26
2074.14 -169.252
2057.22 -169.243
2040.3 -169.234
2023.37 -169.224
2006.45 -169.213
1989.53 -169.202
1972.61 -169.19
1955.7 -169.177
1938.78 -169.164
1921.86 -169.15
1904.95 -169.136
1888.04 -169.121
1871.13 -169.105
1854.22 -169.088
1837.31 -169.071
1820.41 -169.053
1803.5 -169.035
1786.6 -169.016
1769.7 -168.997
1752.8 -168.976
1735.91 -168.955
1719.02 -168.934
1702.12 -168.912
1685.24 -168.889
1668.35 -168.866
1651.46 -168.842
1634.58 -168.817
1617.7 -168.792
1600.83 -168.766
1583.95 -168.74
1567.08 -168.713
1550.21 -168.685
1533.35 -168.657
1516.48 -168.628
1499.63 -168.598
1482.77 -168.568
1465.91 -168.538
1449.06 -168.507
1432.22 -168.475
1415.37 -168.442
1398.53 -168.409
1381.69 -168.376
1364.86 -168.342
1348.03 -168.307
1331.2 -168.272
1314.38 -168.236
1297.56 -168.199
1280.74 -168.162
1263.93 -168.125
1247.12 -168.087
1230.32 -168.048
1213.51 -168.009
1196.72 -167.969
1179.93 -167.928
1163.14 -167.887
1146.35 -167.846
1129.57 -167.804
1112.8 -167.761
1096.02 -167.718
1079.26 -167.674
1062.49 -167.63
1045.73 -167.585
1028.98 -167.54
1012.23 -167.494
995.486 -167.448
978.746 -167.401
962.011 -167.353
945.28 -167.305
928.555 -167.257
911.834 -167.208
895.118 -167.158
878.407 -167.108
861.702 -167.058
845.001 -167.007
828.305 -166.955
811.615 -166.903
794.93 -166.85
778.25 -166.797
761.576 -166.743
744.907 -166.689
728.244 -166.635
711.586 -166.579
694.933 -166.524
678.287 -166.468
661.646 -166.411
645.01 -166.354
628.38 -166.296
611.757 -166.238
595.139 -166.18
578.527 -166.121
561.921 -166.061
545.32 -166.001
528.726 -165.941
512.138 -165.88
495.557 -165.818
478.981 -165.757
462.411 -165.694
445.848 -165.631
429.292 -165.568
412.741 -165.504
396.197 -165.44
379.659 -165.376
363.128 -165.311
346.604 -165.245
330.086 -165.179
313.575 -165.113
297.07 -165.046
280.572 -164.979
264.081 -164.911
247.597 -164.843
231.119 -164.774
214.649 -164.705
198.185 -164.636
181.729 -164.566
165.279 -164.496
148.837 -164.425
132.401 -164.354
115.973 -164.282
99.5518 -164.211
83.138 -164.138
66.7315 -164.065
50.3322 -163.992
33.9404 -163.919
17.5559 -163.845
1.17884 -163.77
-15.1907 -163.696
